# File created on Tue Mar  3 06:24:26 2026
#
# time ADMmass ADMPx ADMPy ADMPz ADMSx ADMSy ADMSz
0              0.98947773      -3.8520881e-09  -5.2374633e-11  0               0               0               0.95654186     
0              0.98972269      -4.697198e-09   -9.2495171e-11  0               0               0               0.95654187     
0              0.98971904      -5.9233692e-09  5.4862993e-12   0               0               0               0.95654185     
0              0.98968537      -7.1640782e-09  -1.7102696e-10  0               0               0               0.95654184     
0              0.98965565      -9.6895598e-09  1.2395597e-10   0               0               0               0.95654184     
0              0.98962971      -1.1565242e-08  -5.0238455e-10  0               0               0               0.95654182     
0              0.98961636      -1.7425337e-08  9.907715e-10    0               0               0               0.95654182     
0              0.98956678      -1.9482548e-08  -2.0857939e-09  0               0               0               0.95654195     
0              0.98954214      -3.8338013e-08  5.7895614e-09   0               0               0               0.95654155     
0              0.98946982      -2.2286943e-08  -1.4390972e-08  0               0               0               0.95654199     
0              0.98940747      -1.5641388e-07  5.604911e-08    0               0               0               0.95653907     
0              0.98932591      4.8012083e-07   -1.1857233e-07  0               0               0               0.95654541     
0.41666667     0.98947773      -3.8556524e-09  -7.3912754e-11  0               0               0               0.95654186     
0.41666667     0.98972269      -4.6937188e-09  -1.0615262e-10  0               0               0               0.95654187     
0.41666667     0.98971904      -5.9230357e-09  4.9594086e-12   0               0               0               0.95654185     
0.41666667     0.98968537      -7.1611992e-09  -1.6109986e-10  0               0               0               0.95654184     
0.41666667     0.98965565      -9.6884906e-09  9.0079208e-11   0               0               0               0.95654184     
0.41666667     0.98962971      -1.1560406e-08  -5.0133715e-10  0               0               0               0.9565418      
0.41666667     0.98961636      -1.7427513e-08  9.6759153e-10   0               0               0               0.9565418      
0.41666667     0.98956678      -1.9474937e-08  -2.1101265e-09  0               0               0               0.95654193     
0.41666667     0.98954214      -3.8319574e-08  5.711727e-09    0               0               0               0.95654152     
0.41666667     0.98946982      -2.2089234e-08  -1.4427673e-08  0               0               0               0.95654199     
0.41666667     0.98940746      -1.5676134e-07  5.5152029e-08   0               0               0               0.95653908     
0.41666667     0.9893259       4.8131802e-07   -1.1408647e-07  0               0               0               0.95654512     
0.83333333     0.98947772      -3.8682021e-09  -9.5454836e-11  0               0               0               0.95654186     
0.83333333     0.98972269      -4.675734e-09   -9.7422964e-11  0               0               0               0.95654187     
0.83333333     0.98971904      -5.9227246e-09  -1.7240275e-12  0               0               0               0.95654185     
0.83333333     0.98968537      -7.1588515e-09  -1.6564517e-10  0               0               0               0.95654184     
0.83333333     0.98965565      -9.6878227e-09  6.8922892e-11   0               0               0               0.95654184     
0.83333333     0.98962971      -1.1555932e-08  -5.1388913e-10  0               0               0               0.9565418      
0.83333333     0.98961636      -1.7431504e-08  9.3273662e-10   0               0               0               0.9565418      
0.83333333     0.98956678      -1.9476696e-08  -2.1532429e-09  0               0               0               0.95654193     
0.83333333     0.98954214      -3.8293603e-08  5.6637456e-09   0               0               0               0.95654152     
0.83333333     0.98946983      -2.1860887e-08  -1.4312155e-08  0               0               0               0.95654199     
0.83333333     0.98940747      -1.5724383e-07  5.4303709e-08   0               0               0               0.95653906     
0.83333333     0.98932592      4.8391046e-07   -1.1048858e-07  0               0               0               0.95654509     
1.25           0.98947772      -3.8722008e-09  -1.0733488e-10  0               0               0               0.95654186     
1.25           0.98972269      -4.6692527e-09  -1.0017958e-10  0               0               0               0.95654187     
1.25           0.98971904      -5.9217387e-09  -8.6593949e-12  0               0               0               0.95654185     
1.25           0.98968537      -7.1561344e-09  -1.7111155e-10  0               0               0               0.95654184     
1.25           0.98965565      -9.6860821e-09  4.9631113e-11   0               0               0               0.95654184     
1.25           0.98962971      -1.1548678e-08  -5.2603148e-10  0               0               0               0.9565418      
1.25           0.98961636      -1.7431996e-08  8.9905449e-10   0               0               0               0.9565418      
1.25           0.98956679      -1.9461786e-08  -2.1838347e-09  0               0               0               0.95654193     
1.25           0.98954214      -3.8290249e-08  5.5843626e-09   0               0               0               0.95654152     
1.25           0.98946983      -2.1626251e-08  -1.4191319e-08  0               0               0               0.95654198     
1.25           0.98940748      -1.5777434e-07  5.3370477e-08   0               0               0               0.95653905     
1.25           0.98932594      4.8716097e-07   -1.0648749e-07  0               0               0               0.95654507     
1.6666667      0.98947772      -3.8762917e-09  -1.1804178e-10  0               0               0               0.95654186     
1.6666667      0.98972269      -4.662234e-09   -1.0151439e-10  0               0               0               0.95654187     
1.6666667      0.98971904      -5.9204765e-09  -1.6515249e-11  0               0               0               0.95654185     
1.6666667      0.98968537      -7.1531765e-09  -1.7830497e-10  0               0               0               0.95654184     
1.6666667      0.98965565      -9.6838118e-09  3.1770639e-11   0               0               0               0.95654184     
1.6666667      0.98962971      -1.1540234e-08  -5.3933576e-10  0               0               0               0.9565418      
1.6666667      0.98961636      -1.7431782e-08  8.6330873e-10   0               0               0               0.9565418      
1.6666667      0.98956679      -1.9444467e-08  -2.2173969e-09  0               0               0               0.95654193     
1.6666667      0.98954214      -3.8287738e-08  5.5011272e-09   0               0               0               0.95654153     
1.6666667      0.98946984      -2.1364017e-08  -1.4038446e-08  0               0               0               0.95654198     
1.6666667      0.9894075       -1.5834529e-07  5.2353388e-08   0               0               0               0.95653904     
1.6666667      0.98932597      4.9078943e-07   -1.0214413e-07  0               0               0               0.95654503     
2.0833333      0.98947772      -3.8803434e-09  -1.2736498e-10  0               0               0               0.95654186     
2.0833333      0.98972269      -4.6549912e-09  -1.0161442e-10  0               0               0               0.95654187     
2.0833333      0.98971904      -5.9189211e-09  -2.5334003e-11  0               0               0               0.95654185     
2.0833333      0.98968537      -7.1499863e-09  -1.8750078e-10  0               0               0               0.95654184     
2.0833333      0.98965565      -9.6810574e-09  1.5394827e-11   0               0               0               0.95654184     
2.0833333      0.98962971      -1.1530582e-08  -5.5384313e-10  0               0               0               0.9565418      
2.0833333      0.98961636      -1.7430841e-08  8.2579228e-10   0               0               0               0.9565418      
2.0833333      0.98956679      -1.9424169e-08  -2.2530697e-09  0               0               0               0.95654193     
2.0833333      0.98954215      -3.8287936e-08  5.4120617e-09   0               0               0               0.95654153     
2.0833333      0.98946985      -2.1076574e-08  -1.3857503e-08  0               0               0               0.95654198     
2.0833333      0.98940752      -1.5895256e-07  5.1249522e-08   0               0               0               0.95653904     
2.0833333      0.98932601      4.9431587e-07   -9.7782911e-08  0               0               0               0.95654499     
2.5            0.98947772      -3.8843624e-09  -1.3545827e-10  0               0               0               0.95654186     
2.5            0.98972269      -4.6475424e-09  -1.005079e-10   0               0               0               0.95654187     
2.5            0.98971904      -5.9171033e-09  -3.502308e-11   0               0               0               0.95654185     
2.5            0.98968537      -7.1465574e-09  -1.987277e-10   0               0               0               0.95654184     
2.5            0.98965566      -9.6778251e-09  4.5899057e-13   0               0               0               0.95654184     
2.5            0.98962971      -1.1519793e-08  -5.6957331e-10  0               0               0               0.9565418      
2.5            0.98961637      -1.7428956e-08  7.8686319e-10   0               0               0               0.9565418      
2.5            0.9895668       -1.9399499e-08  -2.2889777e-09  0               0               0               0.95654192     
2.5            0.98954216      -3.8292406e-08  5.314591e-09    0               0               0               0.95654153     
2.5            0.98946987      -2.0765753e-08  -1.3656568e-08  0               0               0               0.95654198     
2.5            0.98940754      -1.5959643e-07  5.0053356e-08   0               0               0               0.95653904     
2.5            0.98932606      4.9789327e-07   -9.3289095e-08  0               0               0               0.95654493     
2.9166667      0.98947773      -3.8883447e-09  -1.4266552e-10  0               0               0               0.95654186     
2.9166667      0.9897227       -4.6399214e-09  -9.839226e-11   0               0               0               0.95654187     
2.9166667      0.98971904      -5.9150747e-09  -4.5359167e-11  0               0               0               0.95654185     
2.9166667      0.98968537      -7.142864e-09   -2.1176041e-10  0               0               0               0.95654184     
2.9166667      0.98965566      -9.6741239e-09  -1.3116297e-11  0               0               0               0.95654183     
2.9166667      0.98962971      -1.1507954e-08  -5.8659905e-10  0               0               0               0.9565418      
2.9166667      0.98961637      -1.7425837e-08  7.4663746e-10   0               0               0               0.9565418      
2.9166667      0.9895668       -1.9368701e-08  -2.3229235e-09  0               0               0               0.95654192     
2.9166667      0.98954217      -3.8302095e-08  5.2054715e-09   0               0               0               0.95654153     
2.9166667      0.98946988      -2.0432352e-08  -1.3446783e-08  0               0               0               0.95654198     
2.9166667      0.98940757      -1.6028138e-07  4.8753927e-08   0               0               0               0.95653904     
2.9166667      0.98932613      5.0161292e-07   -8.8638857e-08  0               0               0               0.95654488     
3.3333333      0.98947773      -3.8922739e-09  -1.4945118e-10  0               0               0               0.95654186     
3.3333333      0.9897227       -4.6321741e-09  -9.5608819e-11  0               0               0               0.95654187     
3.3333333      0.98971904      -5.9128954e-09  -5.6031001e-11  0               0               0               0.95654185     
3.3333333      0.98968538      -7.1388648e-09  -2.2616545e-10  0               0               0               0.95654184     
3.3333333      0.98965566      -9.6699617e-09  -2.5408152e-11  0               0               0               0.95654183     
3.3333333      0.98962972      -1.1495134e-08  -6.0503815e-10  0               0               0               0.9565418      
3.3333333      0.98961637      -1.742119e-08   7.0522522e-10   0               0               0               0.9565418      
3.3333333      0.98956681      -1.9330129e-08  -2.3528808e-09  0               0               0               0.95654192     
3.3333333      0.98954218      -3.8316933e-08  5.081444e-09    0               0               0               0.95654153     
3.3333333      0.9894699       -2.0075881e-08  -1.3240247e-08  0               0               0               0.95654198     
3.3333333      0.9894076       -1.6101085e-07  4.7338577e-08   0               0               0               0.95653905     
3.3333333      0.9893262       5.0540508e-07   -8.3866968e-08  0               0               0               0.95654481     
3.75           0.98947773      -3.8961064e-09  -1.5630557e-10  0               0               0               0.95654186     
3.75           0.9897227       -4.6243674e-09  -9.2614777e-11  0               0               0               0.95654187     
3.75           0.98971904      -5.9106216e-09  -6.6699052e-11  0               0               0               0.95654185     
3.75           0.98968538      -7.1345105e-09  -2.4137991e-10  0               0               0               0.95654184     
3.75           0.98965566      -9.6653524e-09  -3.6569266e-11  0               0               0               0.95654184     
3.75           0.98962972      -1.1481372e-08  -6.2492508e-10  0               0               0               0.9565418      
3.75           0.98961638      -1.7414786e-08  6.6305401e-10   0               0               0               0.9565418      
3.75           0.98956682      -1.9282764e-08  -2.3774815e-09  0               0               0               0.95654192     
3.75           0.98954219      -3.833575e-08   4.940242e-09    0               0               0               0.95654153     
3.75           0.98946992      -1.9694686e-08  -1.3047783e-08  0               0               0               0.95654198     
3.75           0.98940764      -1.6178662e-07  4.5795951e-08   0               0               0               0.95653905     
3.75           0.98932627      5.0926997e-07   -7.8958027e-08  0               0               0               0.95654473     
4.1666667      0.98947773      -3.8997612e-09  -1.6365326e-10  0               0               0               0.95654187     
4.1666667      0.9897227       -4.6165905e-09  -8.9929742e-11  0               0               0               0.95654187     
4.1666667      0.98971905      -5.9082987e-09  -7.705961e-11   0               0               0               0.95654185     
4.1666667      0.98968538      -7.1297657e-09  -2.5680623e-10  0               0               0               0.95654184     
4.1666667      0.98965566      -9.6603253e-09  -4.6949621e-11  0               0               0               0.95654184     
4.1666667      0.98962972      -1.1466665e-08  -6.4607204e-10  0               0               0               0.9565418      
4.1666667      0.98961638      -1.7406531e-08  6.2091966e-10   0               0               0               0.9565418      
4.1666667      0.98956683      -1.9226532e-08  -2.3964152e-09  0               0               0               0.95654191     
4.1666667      0.9895422       -3.8356544e-08  4.7815948e-09   0               0               0               0.95654152     
4.1666667      0.98946994      -1.9286366e-08  -1.2876922e-08  0               0               0               0.95654198     
4.1666667      0.98940769      -1.6260924e-07  4.4118082e-08   0               0               0               0.95653904     
4.1666667      0.98932636      5.1330314e-07   -7.3848907e-08  0               0               0               0.95654465     
4.5833333      0.98947773      -3.9031166e-09  -1.7176497e-10  0               0               0               0.95654187     
4.5833333      0.9897227       -4.6089682e-09  -8.8088762e-11  0               0               0               0.95654187     
4.5833333      0.98971905      -5.9059507e-09  -8.6901517e-11  0               0               0               0.95654185     
4.5833333      0.98968538      -7.1246184e-09  -2.7190628e-10  0               0               0               0.95654184     
4.5833333      0.98965567      -9.6549254e-09  -5.7148045e-11  0               0               0               0.95654184     
4.5833333      0.98962973      -1.1450983e-08  -6.6802405e-10  0               0               0               0.95654181     
4.5833333      0.98961639      -1.7396469e-08  5.7965906e-10   0               0               0               0.9565418      
4.5833333      0.98956684      -1.9162292e-08  -2.4105708e-09  0               0               0               0.95654191     
4.5833333      0.98954222      -3.8377016e-08  4.6075228e-09   0               0               0               0.95654152     
4.5833333      0.98946997      -1.8848393e-08  -1.2730393e-08  0               0               0               0.95654198     
4.5833333      0.98940773      -1.6347749e-07  4.2301009e-08   0               0               0               0.95653904     
4.5833333      0.98932646      5.174795e-07    -6.8566365e-08  0               0               0               0.95654455     
5              0.98947773      -3.9060027e-09  -1.8070338e-10  0               0               0               0.95654187     
5              0.9897227       -4.6016657e-09  -8.7587813e-11  0               0               0               0.95654187     
5              0.98971905      -5.9035829e-09  -9.6145575e-11  0               0               0               0.95654185     
5              0.98968538      -7.119088e-09   -2.8628326e-10  0               0               0               0.95654184     
5              0.98965567      -9.6492096e-09  -6.794264e-11   0               0               0               0.95654184     
5              0.98962973      -1.1434284e-08  -6.9016542e-10  0               0               0               0.95654181     
5              0.9896164       -1.738476e-08   5.3967619e-10   0               0               0               0.9565418      
5              0.98956685      -1.90915e-08    -2.4217794e-09  0               0               0               0.9565419      
5              0.98954223      -3.8395255e-08  4.4214358e-09   0               0               0               0.95654152     
5              0.98947         -1.8378784e-08  -1.260561e-08   0               0               0               0.95654197     
5              0.98940779      -1.6439018e-07  4.034196e-08    0               0               0               0.95653904     
5              0.98932656      5.217168e-07    -6.3190788e-08  0               0               0               0.95654444     
5.4166667      0.98947773      -3.9082106e-09  -1.902945e-10   0               0               0               0.95654187     
5.4166667      0.9897227       -4.5948922e-09  -8.8842874e-11  0               0               0               0.95654187     
5.4166667      0.98971905      -5.9011791e-09  -1.0486112e-10  0               0               0               0.95654185     
5.4166667      0.98968539      -7.1132169e-09  -2.997262e-10   0               0               0               0.95654184     
5.4166667      0.98965567      -9.6432225e-09  -8.0119928e-11  0               0               0               0.95654184     
5.4166667      0.98962974      -1.1416535e-08  -7.1191828e-10  0               0               0               0.95654181     
5.4166667      0.9896164       -1.7371622e-08  5.0063862e-10   0               0               0               0.9565418      
5.4166667      0.98956686      -1.901569e-08   -2.432252e-09   0               0               0               0.9565419      
5.4166667      0.98954225      -3.8410389e-08  4.2262979e-09   0               0               0               0.95654152     
5.4166667      0.98947003      -1.7876594e-08  -1.2495512e-08  0               0               0               0.95654197     
5.4166667      0.98940784      -1.6534694e-07  3.8237645e-08   0               0               0               0.95653903     
5.4166667      0.98932668      5.2612425e-07   -5.7643926e-08  0               0               0               0.95654433     
5.8333333      0.98947773      -3.9095033e-09  -2.0014579e-10  0               0               0               0.95654187     
5.8333333      0.9897227       -4.5888977e-09  -9.2165161e-11  0               0               0               0.95654187     
5.8333333      0.98971905      -5.8987034e-09  -1.132532e-10   0               0               0               0.95654185     
5.8333333      0.98968539      -7.1070532e-09  -3.1221155e-10  0               0               0               0.95654184     
5.8333333      0.98965568      -9.6369806e-09  -9.4316356e-11  0               0               0               0.95654184     
5.8333333      0.98962974      -1.139773e-08   -7.3294151e-10  0               0               0               0.95654181     
5.8333333      0.98961641      -1.7357265e-08  4.615149e-10    0               0               0               0.9565418      
5.8333333      0.98956687      -1.8935974e-08  -2.4439753e-09  0               0               0               0.9565419      
5.8333333      0.98954227      -3.8422966e-08  4.0228456e-09   0               0               0               0.95654152     
5.8333333      0.98947006      -1.73421e-08    -1.2390537e-08  0               0               0               0.95654197     
5.8333333      0.9894079       -1.6634662e-07  3.5984972e-08   0               0               0               0.95653903     
5.8333333      0.9893268       5.3079305e-07   -5.1867476e-08  0               0               0               0.9565442      
6.25           0.98947773      -3.9096321e-09  -2.0969374e-10  0               0               0               0.95654187     
6.25           0.9897227       -4.5839665e-09  -9.7754141e-11  0               0               0               0.95654187     
6.25           0.98971905      -5.8961003e-09  -1.2162077e-10  0               0               0               0.95654185     
6.25           0.98968539      -7.1006384e-09  -3.2385922e-10  0               0               0               0.95654184     
6.25           0.98965568      -9.6304602e-09  -1.1093642e-10  0               0               0               0.95654184     
6.25           0.98962975      -1.1377904e-08  -7.5322139e-10  0               0               0               0.95654181     
6.25           0.98961642      -1.7341861e-08  4.2088941e-10   0               0               0               0.9565418      
6.25           0.98956688      -1.8852756e-08  -2.458325e-09   0               0               0               0.95654189     
6.25           0.98954229      -3.8434861e-08  3.8089074e-09   0               0               0               0.95654152     
6.25           0.9894701       -1.6776665e-08  -1.2280976e-08  0               0               0               0.95654197     
6.25           0.98940797      -1.673858e-07   3.3582583e-08   0               0               0               0.95653903     
6.25           0.98932693      5.3569401e-07   -4.5912628e-08  0               0               0               0.95654407     
6.6666667      0.98947773      -3.9083609e-09  -2.1828227e-10  0               0               0               0.95654187     
6.6666667      0.98972271      -4.5804017e-09  -1.0570277e-10  0               0               0               0.95654187     
6.6666667      0.98971906      -5.8933001e-09  -1.3029736e-10  0               0               0               0.95654185     
6.6666667      0.98968539      -7.0939913e-09  -3.3486662e-10  0               0               0               0.95654184     
6.6666667      0.98965568      -9.6236076e-09  -1.3015957e-10  0               0               0               0.95654184     
6.6666667      0.98962975      -1.1357136e-08  -7.7304858e-10  0               0               0               0.95654181     
6.6666667      0.98961643      -1.732552e-08   3.7732625e-10   0               0               0               0.9565418      
6.6666667      0.9895669       -1.876574e-08   -2.476029e-09   0               0               0               0.95654189     
6.6666667      0.98954231      -3.8448735e-08  3.5802112e-09   0               0               0               0.95654151     
6.6666667      0.98947013      -1.6182394e-08  -1.2159065e-08  0               0               0               0.95654197     
6.6666667      0.98940804      -1.6846045e-07  3.1030551e-08   0               0               0               0.95653902     
6.6666667      0.98932707      5.4079675e-07   -3.9843575e-08  0               0               0               0.95654393     
7.0833333      0.98947773      -3.9054897e-09  -2.2525704e-10  0               0               0               0.95654187     
7.0833333      0.98972271      -4.5785016e-09  -1.1602443e-10  0               0               0               0.95654187     
7.0833333      0.98971906      -5.8902239e-09  -1.3957497e-10  0               0               0               0.95654185     
7.0833333      0.9896854       -7.087105e-09   -3.4545258e-10  0               0               0               0.95654184     
7.0833333      0.98965569      -9.6163634e-09  -1.5198829e-10  0               0               0               0.95654184     
7.0833333      0.98962976      -1.133553e-08   -7.9291032e-10  0               0               0               0.95654181     
7.0833333      0.98961644      -1.7308307e-08  3.2962261e-10   0               0               0               0.9565418      
7.0833333      0.98956691      -1.867422e-08   -2.4974353e-09  0               0               0               0.95654188     
7.0833333      0.98954234      -3.8467194e-08  3.3321913e-09   0               0               0               0.95654151     
7.0833333      0.98947018      -1.5561588e-08  -1.2020487e-08  0               0               0               0.95654196     
7.0833333      0.98940811      -1.6956906e-07  2.8328453e-08   0               0               0               0.95653901     
7.0833333      0.98932721      5.4612221e-07   -3.3671317e-08  0               0               0               0.95654378     
7.5            0.98947773      -3.9008766e-09  -2.3006682e-10  0               0               0               0.95654187     
7.5            0.98972271      -4.5785361e-09  -1.2867233e-10  0               0               0               0.95654187     
7.5            0.98971906      -5.8867905e-09  -1.4964459e-10  0               0               0               0.95654185     
7.5            0.9896854       -7.0799518e-09  -3.558346e-10   0               0               0               0.95654184     
7.5            0.98965569      -9.6086884e-09  -1.7629984e-10  0               0               0               0.95654184     
7.5            0.98962977      -1.131319e-08   -8.1336828e-10  0               0               0               0.95654181     
7.5            0.98961645      -1.7290256e-08  2.768884e-10    0               0               0               0.9565418      
7.5            0.98956693      -1.85775e-08    -2.5229488e-09  0               0               0               0.95654188     
7.5            0.98954236      -3.849191e-08   3.0618407e-09   0               0               0               0.95654151     
7.5            0.98947022      -1.4915987e-08  -1.1865033e-08  0               0               0               0.95654196     
7.5            0.98940819      -1.7071355e-07  2.5473771e-08   0               0               0               0.95653901     
7.5            0.98932736      5.5185277e-07   -2.7191383e-08  0               0               0               0.95654363     
7.9166667      0.98947773      -3.8944613e-09  -2.3235148e-10  0               0               0               0.95654187     
7.9166667      0.98972271      -4.5807105e-09  -1.4356495e-10  0               0               0               0.95654187     
7.9166667      0.98971906      -5.8829302e-09  -1.605486e-10   0               0               0               0.95654185     
7.9166667      0.9896854       -7.0724899e-09  -3.6623392e-10  0               0               0               0.95654184     
7.9166667      0.9896557       -9.6005767e-09  -2.0287469e-10  0               0               0               0.95654184     
7.9166667      0.98962977      -1.1290167e-08  -8.3497237e-10  0               0               0               0.95654181     
7.9166667      0.98961646      -1.7271394e-08  2.1853097e-10   0               0               0               0.9565418      
7.9166667      0.98956694      -1.847527e-08   -2.5533719e-09  0               0               0               0.95654187     
7.9166667      0.98954239      -3.8523008e-08  2.7687936e-09   0               0               0               0.95654151     
7.9166667      0.98947026      -1.424594e-08   -1.1696348e-08  0               0               0               0.95654196     
7.9166667      0.98940828      -1.7189857e-07  2.2459974e-08   0               0               0               0.956539       
7.9166667      0.98932751      5.5806834e-07   -2.0233937e-08  0               0               0               0.95654346     
8.3333333      0.98947774      -3.8862754e-09  -2.3200517e-10  0               0               0               0.95654187     
8.3333333      0.98972271      -4.585137e-09   -1.6059609e-10  0               0               0               0.95654187     
8.3333333      0.98971907      -5.878594e-09   -1.7218007e-10  0               0               0               0.95654185     
8.3333333      0.98968541      -7.0646704e-09  -3.7688154e-10  0               0               0               0.95654184     
8.3333333      0.9896557       -9.5920517e-09  -2.3139795e-10  0               0               0               0.95654184     
8.3333333      0.98962978      -1.1266429e-08  -8.5819409e-10  0               0               0               0.95654181     
8.3333333      0.98961647      -1.7251744e-08  1.5426809e-10   0               0               0               0.95654179     
8.3333333      0.98956696      -1.8367758e-08  -2.5899117e-09  0               0               0               0.95654187     
8.3333333      0.98954242      -3.85589e-08    2.4552833e-09   0               0               0               0.9565415      
8.3333333      0.98947031      -1.3549848e-08  -1.1521096e-08  0               0               0               0.95654195     
8.3333333      0.98940836      -1.7312936e-07  1.9275687e-08   0               0               0               0.95653899     
8.3333333      0.98932766      5.6451539e-07   -1.2936417e-08  0               0               0               0.95654328     
8.75           0.98947774      -3.8764522e-09  -2.2920775e-10  0               0               0               0.95654187     
8.75           0.98972271      -4.5918052e-09  -1.7963525e-10  0               0               0               0.95654187     
8.75           0.98971907      -5.8737644e-09  -1.843055e-10   0               0               0               0.95654185     
8.75           0.98968541      -7.0564439e-09  -3.8801367e-10  0               0               0               0.95654184     
8.75           0.98965571      -9.583144e-09   -2.6144453e-10  0               0               0               0.95654184     
8.75           0.98962979      -1.1241851e-08  -8.8337562e-10  0               0               0               0.95654181     
8.75           0.98961648      -1.7231341e-08  8.4204681e-11   0               0               0               0.95654179     
8.75           0.98956698      -1.8255638e-08  -2.6337431e-09  0               0               0               0.95654186     
8.75           0.98954244      -3.8596663e-08  2.1251589e-09   0               0               0               0.9565415      
8.75           0.98947036      -1.2824262e-08  -1.1348002e-08  0               0               0               0.95654195     
8.75           0.98940845      -1.7440867e-07  1.5905938e-08   0               0               0               0.95653899     
8.75           0.9893278       5.7091398e-07   -5.4816819e-09  0               0               0               0.95654308     
9.1666667      0.98947774      -3.8652216e-09  -2.2441201e-10  0               0               0               0.95654187     
9.1666667      0.98972272      -4.6005587e-09  -2.0050953e-10  0               0               0               0.95654187     
9.1666667      0.98971907      -5.8684581e-09  -1.9662375e-10  0               0               0               0.95654185     
9.1666667      0.98968541      -7.0477621e-09  -3.9983919e-10  0               0               0               0.95654184     
9.1666667      0.98965571      -9.5738704e-09  -2.9246955e-10  0               0               0               0.95654184     
9.1666667      0.9896298       -1.1216247e-08  -9.1068483e-10  0               0               0               0.95654181     
9.1666667      0.98961649      -1.7210248e-08  8.899625e-12    0               0               0               0.95654179     
9.1666667      0.989567        -1.8139743e-08  -2.6853151e-09  0               0               0               0.95654185     
9.1666667      0.98954247      -3.8632818e-08  1.7824496e-09   0               0               0               0.95654149     
9.1666667      0.98947042      -1.2064654e-08  -1.1186736e-08  0               0               0               0.95654194     
9.1666667      0.98940855      -1.7573475e-07  1.2334701e-08   0               0               0               0.95653898     
9.1666667      0.98932793      5.7722351e-07   2.1491693e-09   0               0               0               0.95654286     
9.5833333      0.98947774      -3.8529034e-09  -2.1829466e-10  0               0               0               0.95654187     
9.5833333      0.98972272      -4.6110827e-09  -2.2298255e-10  0               0               0               0.95654187     
9.5833333      0.98971908      -5.8627226e-09  -2.0882942e-10  0               0               0               0.95654185     
9.5833333      0.98968542      -7.0385785e-09  -4.1250616e-10  0               0               0               0.95654184     
9.5833333      0.98965572      -9.5642204e-09  -3.2383407e-10  0               0               0               0.95654184     
9.5833333      0.9896298       -1.1189416e-08  -9.4010799e-10  0               0               0               0.95654181     
9.5833333      0.9896165       -1.7188571e-08  -7.0699838e-11  0               0               0               0.95654179     
9.5833333      0.98956702      -1.8020753e-08  -2.7438262e-09  0               0               0               0.95654185     
9.5833333      0.98954251      -3.8664234e-08  1.4300506e-09   0               0               0               0.95654149     
9.5833333      0.98947047      -1.1266591e-08  -1.1046379e-08  0               0               0               0.95654194     
9.5833333      0.98940865      -1.7710216e-07  8.5467554e-09   0               0               0               0.95653898     
9.5833333      0.98932805      5.8365841e-07   1.0228077e-08   0               0               0               0.95654262     
